0190064911992024071104000000400702127333202407120213A01                                                                                                           
0577099988884870001                                                                                                                                               
0600000000000000000000000000000000000000000105590900000001800000010100000000000004097790000002000                                                                 
0600000000000000000000000000000000000000000105590700000001500000010100000000000004097790000003000                                                                 
0600000000000000000000000000000000000000000105591100000001500000010100000000000004097790000004000                                                                 
0600000000000000000000000000000000000000000105577200000001000000010100000000000004097610000005000                                                                 
0600000000000000000000000000000000000000000105576900000001000000010100000000000004097610000006000                                                                 
0600000000000000000000000000000000000000000104763200000000800000010100000000000004096820000007000                                                                 
0600000000000000000000000000000000000000000104761400000000500000010100000000000004096820000008000                                                                 
0600000000000000000000000000000000000000000105638900000000800000010100000000000004054450000009000                                                                 
0600000000000000000000000000000000000000000105645500000006700000010100000000000004057030000010000                                                                 
0600000000000000000000000000000000000000000104820300000000300000010100000000000004069780000011000                                                                 
0600000000000000000000000000000000000000000104820900000006700000010100000000000004069780000012000                                                                 
0600000000000000000000000000000000000000000105431700000000500000010100000000000004018350000013000                                                                 
0600000000000000000000000000000000000000000105631200000003100000010100000000000004057030000014000                                                                 
0600000000000000000000000000000000000000000105498400000001100000010100000000000004057030000015000                                                                 
0600000000000000000000000000000000000000000105672400000001500000010100000000000004066060000016000                                                                 
0600000000000000000000000000000000000000000105443600000001100000010100000000000004060440000017000                                                                 
0600000000000000000000000000000000000000000105322700000000100000010100000000000004060440000018000                                                                 
080000000170000000000300000000001                                                                                                                                 
09000000017000000000030000000