0190064911992024082600100000000062912613202408270959A02                                                                                                           
0577099988884870001                                                                                                                                               
0600000000000000000010760720000000000800233760240200000000200000010100000000000099900860000002                                                                    
0600000000000000000010757920000000000071587298220300000004100000010100000000000099905100000003                                                                    
0600000000000000000010757930000000000071587298230200000002000000010100000000000099905100000004                                                                    
0600000000000000000010758580000000000076306051240200000003800000010100000000000099905200000005                                                                    
0600000000000000000010759370000000000901281122210400000020500000010100000000000099901820000006                                                                    
0600000000000000000010758530000000000078034222220200000003600000010100000000000099902160000007                                                                    
0600000000000000000010757390000000000028918877240200000000900000010100000000000099902350000008                                                                    
0600000000000000000010757490000000000032817452240200000000700000010100000000000099902350000009                                                                    
0600000000000000000010757500000000000010136879240200000001200000010100000000000099902350000010                                                                    
0600000000000000000010645730000000000051599457240200000000500000010100000000000099902500000011                                                                    
0600000000000000000010274310000000000026175020240100000001200000010100000000000099904380000012                                                                    
0600000000000000000010716810000000000026175020240200000000600000010100000000000099904380000013                                                                    
0600000000000000000010593800000000000901142722240200000006500000010100000000000099904740000014                                                                    
0600000000000000000007543680000000000071587298220100000001000000010100000000000099905100000015                                                                    
0600000000000000000010757840000000000071587298220200000002000000010100000000000099905100000016                                                                    
0600000000000000000010757850000000000071587298220400000006100000010100000000000099905100000017                                                                    
0600000000000000000010757860000000000071587298230100000006100000010100000000000099905100000018                                                                    
0600000000000000000009527780000000000080135907230200000000100000010100000000000099906330000019                                                                    
0600000000000000000010760350000000000901380558220100000000800000010100000000000099907930000020                                                                    
0600000000000000000010760360000000000901380558220300000000900000010100000000000099907930000021                                                                    
0600000000000000000010760370000000000901380558220200000000600000010100000000000099907930000022                                                                    
0600000000000000000010760510000000000901380558220400000000600000010100000000000099907930000023                                                                    
080000000220000000000640000000001                                                                                                                                 
09000000022000000000064000000                                                                                                                                     
