0190064911992024071104000000400702127333202407120213A01                                                                                                           
0577099988884870001                                                                                                                                               
0600000000000000000000000000000000000000000105590900000001800000010100000000000004097790000002000                                                                 
0600000000000000000000000000000000000000000105590700000001500000010100000000000004097790000003000                                                                 
0600000000000000000000000000000000000000000105591100000001500000010100000000000004097790000004000                                                                 
0600000000000000000000000000000000000000000105577200000001000000010100000000000004097610000005000                                                                 
0600000000000000000000000000000000000000000105576900000001000000010100000000000004097610000006000                                                                 
0600000000000000000000000000000000000000000104763200000000800000010100000000000004096820000007000                                                                 
0600000000000000000000000000000000000000000104761400000000500000010100000000000004096820000008000                                                                 
0600000000000000000000000000000000000000000105638900000000800000010100000000000004054450000009000                                                                 
0600000000000000000000000000000000000000000105645500000006700000010100000000000004057030000010000                                                                 
0600000000000000000000000000000000000000000104820300000000300000010100000000000004069780000011000                                                                 
0600000000000000000000000000000000000000000104820900000006700000010100000000000004069780000012000                                                                 
0600000000000000000000000000000000000000000105431700000000500000010100000000000004018350000013000                                                                 
0600000000000000000000000000000000000000000105631200000003100000010100000000000004057030000014000                                                                 
0600000000000000000000000000000000000000000105498400000001100000010100000000000004057030000015000                                                                 
0600000000000000000000000000000000000000000105672400000001500000010100000000000004066060000016000                                                                 
0600000000000000000000000000000000000000000105443600000001100000010100000000000004060440000017000                                                                 
0600000000000000000000000000000000000000000105322700000000100000010100000000000004060440000018000                                                                 
080000000170000000000300000000001               
0577099988884870001                                                                                                                                               
0600000000000000000010609680000000000900434506240200000008400000010100000000000099900080000002                                                                    
0600000000000000000010625720000000000043079112240200000001500000010100000000000099902500000003                                                                    
0600000000000000000010638050000000001116156306230100000002500000010100000000000099902590000004                                                                    
0600000000000000000010641500000000001116156306230200000003200000010100000000000099902590000005                                                                    
0600000000000000000010640870000000000700076833240100000000200000010100000000000099902610000006                                                                    
0600000000000000000010640880000000000700076833240200000000400000010100000000000099902610000007                                                                    
0600000000000000000010610260000000000004385377240200000012900000010100000000000099902790000008                                                                    
0600000000000000000010589620000000000802014623240200000043400000010100000000000099902920000009                                                                    
0600000000000000000010645510000000000008231691240200000003800000010100000000000099902920000010                                                                    
0600000000000000000010646990000000000043072900240200000005600000010100000000000099902940000011                                                                    
0600000000000000000010629200000000000028738956240200000000300000010100000000000099903130000012                                                                    
0600000000000000000010644850000000000043577283240200000002700000010100000000000099903570000013                                                                    
0600000000000000000010644860000000000017326296240200000003700000010100000000000099903570000014                                                                    
0600000000000000000010608200000000000800244387240200010882700000010200000000000099903590000015                                                                    
0600000000000000000010635710000000000901298473240200000009000000010100000000000099903590000016                                                                    
0600000000000000000010596480000000001006865680240200000002800000010100000000000099903640000017                                                                    
0600000000000000000010626700000000000005819082240200000007500000010100000000000099903640000018                                                                    
0600000000000000000010646500000000000051853992240100000003600000010100000000000099903640000019                                                                    
0600000000000000000010646510000000000051853992240200000003000000010100000000000099903640000020                                                                    
0600000000000000000010637490000000000014224806240200000001500000010100000000000099903700000021                                                                    
0600000000000000000010641240000000000072150883240200000003000000010100000000000099903870000022                                                                    
0600000000000000000010635690000000000901427625240200000000700000010100000000000099903900000023                                                                    
0600000000000000000010648450000000000860531435240200000000400000010100000000000099904070000024                                                                    
0600000000000000000010630470000000000036304175240200000004300000010100000000000099904420000025                                                                    
0600000000000000000010634330000000000031162245240200000001200000010100000000000099904860000026                                                                    
0600000000000000000010647400000000000079909359240200000010200000010100000000000099905000000027                                                                    
0600000000000000000010647940000000000052151259240200000001100000010100000000000099905000000028                                                                    
0600000000000000000010642660000000000900453961240200000217500000010100000000000099905640000029                                                                    
0600000000000000000010643250000000000901435603240200000004200000010100000000000099906060000030                                                                    
0600000000000000000010643390000000000901435603240100000004200000010100000000000099906060000031                                                                    
0600000000000000000010628700000000000071684966240200000008800000010100000000000099906770000032                                                                    
0600000000000000000010632410000000000071684966240100000007900000010100000000000099906770000033                                                                    
0600000000000000000010643590000000001058819281240200000011500000010100000000000099909070000034                                                                    
0600000000000000000010640570000000000891400148240200001015500000010100000000000099909120000035                                                                    
0600000000000000000010609750000000000800185006240200000116200000010200000000000099900080000036                                                                    
0600000000000000000010578180000000000019164973240200000008700000010100000000000099900460000037                                                                    
0600000000000000000010647360000000000041322150240200000001300000010100000000000099900490000038                                                                    
0600000000000000000010641930000000000070693986240200000037400000010100000000000099900570000039                                                                    
0600000000000000000010612270000000001015465261240200000010700000010100000000000099900620000040                                                                    
0600000000000000000010612500000000001015465261240100000009800000010100000000000099900620000041                                                                    
0600000000000000000010612690000000001018432836240200000007900000010100000000000099900620000042                                                                    
0600000000000000000010612720000000001018432836240100000008700000010100000000000099900620000043                                                                    
0600000000000000000010613850000000000004119341240200000004300000010100000000000099900620000044                                                                    
0600000000000000000010614130000000000004119341240100000019000000010100000000000099900620000045                                                                    
0600000000000000000010561510000000000901307535240200000025500000010100000000000099900880000046                                                                    
0600000000000000000010624510000000000018903621240200000000500000010100000000000099900910000047                                                                    
0600000000000000000010642150000000000071263502240200000023600000010100000000000099901140000048                                                                    
0600000000000000000010643170000000000043976627240200000013200000010100000000000099901140000049                                                                    
0600000000000000000010643190000000000070043759240200000078900000010100000000000099901140000050                                                                    
0600000000000000000010643210000000000098622697240200000094900000010100000000000099901140000051                                                                    
0600000000000000000010643500000000000070380817240200000071200000010100000000000099901140000052                                                                    
0600000000000000000010646070000000000027532236240200000002400000010100000000000099901210000053                                                                    
0600000000000000000010646290000000000030733354240200000001000000010100000000000099901210000054                                                                    
0600000000000000000010638850000000000013888895240200000001700000010100000000000099901680000055                                                                    
0600000000000000000010572810000000000072132355240200000000800000010100000000000099901700000056                                                                    
0600000000000000000010620530000000000890101994240200000401600000010200000000000099901700000057                                                                    
0600000000000000000010632500000000001045743839240200000003700000010100000000000099901700000058                                                                    
0600000000000000000010632520000000000008530727240200000003500000010100000000000099901700000059                                                                    
0600000000000000000010598340000000000055301751240200000003900000010100000000000099901730000060                                                                    
0600000000000000000010617690000000001140885083240200000007100000010100000000000099901730000061                                                                    
0600000000000000000010617740000000000091390153240200000013900000010100000000000099901730000062                                                                    
0600000000000000000010647730000000000016757043240200000004600000010100000000000099901800000063                                                                    
0600000000000000000010589590000000000045420796240200000001700000010100000000000099901820000064                                                                    
0600000000000000000010632130000000000073164668240200000000600000010100000000000099901820000065                                                                    
0600000000000000000010641780000000000045422842240200000001200000010100000000000099901820000066                                                                    
0600000000000000000010641830000000001126318840240200000001300000010100000000000099901820000067                                                                    
0600000000000000000010642040000000001047458547240200000001400000010100000000000099901820000068                                                                    
0600000000000000000010628510000000000063562656240200000005800000010100000000000099901840000069                                                                    
0600000000000000000010628680000000000091531467240200000003600000010100000000000099901840000070                                                                    
0600000000000000000010628720000000000091500382240200000003600000010100000000000099901840000071                                                                    
0600000000000000000010628040000000001098636369240200000001800000010100000000000099902030000072                                                                    
0600000000000000000010549020000000000901630912240200000009300000010100000000000099902040000073                                                                    
0600000000000000000010605630000000000900742418240200000093500000010100000000000099902040000074                                                                    
0600000000000000000010640620000000000051557020240200000001000000010100000000000099902080000075                                                                    
0600000000000000000010639230000000000071608558240200000001500000010100000000000099902170000076                                                                    
0600000000000000000010615170000000000016671869240100000000200000010100000000000099902490000077                                                                    
0600000000000000000010625710000000000043079112240100000001400000010100000000000099902500000078                                                                    
080000000770000000133931000000001                                                                                                             
0577099988884870001                                                                                                                                               
0600000000000000000010760720000000000800233760240200000000200000010100000000000099900860000002                                                                    
0600000000000000000010757920000000000071587298220300000004100000010100000000000099905100000003                                                                    
0600000000000000000010757930000000000071587298230200000002000000010100000000000099905100000004                                                                    
0600000000000000000010758580000000000076306051240200000003800000010100000000000099905200000005                                                                    
0600000000000000000010759370000000000901281122210400000020500000010100000000000099901820000006                                                                    
0600000000000000000010758530000000000078034222220200000003600000010100000000000099902160000007                                                                    
0600000000000000000010757390000000000028918877240200000000900000010100000000000099902350000008                                                                    
0600000000000000000010757490000000000032817452240200000000700000010100000000000099902350000009                                                                    
0600000000000000000010757500000000000010136879240200000001200000010100000000000099902350000010                                                                    
0600000000000000000010645730000000000051599457240200000000500000010100000000000099902500000011                                                                    
0600000000000000000010274310000000000026175020240100000001200000010100000000000099904380000012                                                                    
0600000000000000000010716810000000000026175020240200000000600000010100000000000099904380000013                                                                    
0600000000000000000010593800000000000901142722240200000006500000010100000000000099904740000014                                                                    
0600000000000000000007543680000000000071587298220100000001000000010100000000000099905100000015                                                                    
0600000000000000000010757840000000000071587298220200000002000000010100000000000099905100000016                                                                    
0600000000000000000010757850000000000071587298220400000006100000010100000000000099905100000017                                                                    
0600000000000000000010757860000000000071587298230100000006100000010100000000000099905100000018                                                                    
0600000000000000000009527780000000000080135907230200000000100000010100000000000099906330000019                                                                    
0600000000000000000010760350000000000901380558220100000000800000010100000000000099907930000020                                                                    
0600000000000000000010760360000000000901380558220300000000900000010100000000000099907930000021                                                                    
0600000000000000000010760370000000000901380558220200000000600000010100000000000099907930000022                                                                    
0600000000000000000010760510000000000901380558220400000000600000010100000000000099907930000023                                                                    
080000000220000000000640000000001                                                                                                                                                                                                                               
09000000017000000000030000000